35493
3827
4081
33090
3885
33208
9913
3755
3712
9031
33154
4679
3659
3818
37656
3760
4231
4564
3728
3627
13894
NA
9822
4146
8056
8059
186749
4530
4039
3494
4236
3656
2711
23211
9102
3747
3708
4577
3847
4682
4640
3749
3750
91752
5322
5353
5341
4222
3562
4751
58933
29760
13749
5323
38945
5627
234819
1973307
4498
4072
4113
4182
4006
139271
16718
32201
4615
42229
4120
4045
418795
32247
3564
63459
4557
3617
4550
4513
3983
4479
3645
171929
13450
21019
4329
55513
3663
4232
3864
3917
3888
8023
8030
8126
6694
8045
7995
6763
3662
3711
3715
178616
161934
4111
